<svg
    width="400"
    height="400"
    viewBox="0 0 400 400"
    xmlns="http://www.w3.org/2000/svg"
>
    <g>
        <path
            d="M175.067 64C142.933 72.4 117.6 96.6667 106.667 129.333C103.067 140.4 101.6 163.733 103.867 176.667C105.733 187.2 112.133 204.4 116 209.333C118.133 211.867 117.733 210.4 114.533 202.8C100 167.867 106.667 128.8 131.867 102.933C151.467 82.8 173.2 73.3333 200 73.3333C265.867 73.3333 310.667 138.8 286.533 199.867C281.6 212.4 282.667 214 288 202.133C295.6 185.2 296.667 179.6 296.667 158.667C296.667 140.933 296.4 138.4 292.933 128.533C281.867 96.1333 256.4 72.1333 224.533 64C210.8 60.4 188.533 60.5333 175.067 64Z"/>
        <path
            d="M230.8 92.8C227.467 97.0667 227.2 99.4667 230.133 100.533C233.333 101.733 235.6 99.2 236.267 94C236.933 88.2667 234.667 87.8667 230.8 92.8Z"/>
        <path
            d="M187.6 97.2C186.4 100 185.6 103.2 186.133 104.4C187.067 107.067 191.867 106.8 193.333 103.867C194.667 101.6 192.667 92 190.933 92C190.4 92 188.933 94.4 187.6 97.2Z"/>
        <path
            d="M211.333 98C205.067 100.267 198.667 106.8 198.667 111.067C198.8 113.733 199.2 113.467 202.933 108.933C206.533 104.4 212.8 100 215.6 100C216.133 100 213.067 103.6 208.667 108C204.4 112.4 201.2 116.267 201.733 116.8C203.467 118.533 209.467 117.6 212.133 115.2C213.733 113.867 216 110.533 217.2 108C218.4 105.467 220.533 101.733 221.867 99.6L224.267 96H220.533C218.4 96.1333 214.267 96.9333 211.333 98Z"/>
        <path
            d="M164 105.2C164 106 164.8 107.067 165.867 107.467C166.8 107.867 168.667 110.4 170 113.2C172.4 118.533 177.2 121.867 180.667 120.533C183.467 119.333 183.333 118.933 177.067 113.2C173.867 110.4 172 108.133 172.933 108C173.867 108 176.8 109.867 179.467 112.267C184.133 116.4 184.267 116.4 183.733 113.333C183.467 111.467 181.6 109.2 179.333 107.867C174.133 104.8 164 103.067 164 105.2Z"/>
        <path
            d="M231.067 105.6C229.333 106.4 228 107.867 228 108.933C228 110.533 228.533 110.4 230.933 108.8C232.533 107.6 235.2 106.667 236.667 106.8C238.533 106.8 237.6 107.733 233.733 109.733C230.533 111.2 228 112.933 228 113.467C228 115.733 233.6 116.133 236.4 114.133C238 112.933 241.333 110.667 243.867 109.067C247.867 106.533 248.133 106 245.867 105.2C242.133 103.733 234.4 104 231.067 105.6Z"/>
        <path
            d="M153.333 112.667C155.867 115.2 158.933 117.333 160.267 117.333C163.067 117.333 163.333 115.867 161.067 113.467C159.6 112.133 159.867 112 162 112.667C164.4 113.467 164.267 113.2 161.467 110.8C159.6 109.067 156.533 108 153.6 108H148.8L153.333 112.667Z"/>
        <path
            d="M217.467 116.8C214.133 121.067 213.867 123.733 216.8 124.933C219.733 126 222.667 122 222.667 117.067C222.667 112.4 220.933 112.267 217.467 116.8Z"/>
        <path
            d="M246.8 119.067C244.933 121.333 246.267 122.667 250.133 122.667C254.267 122.667 255.333 120.4 252.133 118.8C248.8 116.933 248.667 116.933 246.8 119.067Z"/>
        <path
            d="M195.467 122.933C188 134.4 184 152.667 186.267 164.933C187.067 169.2 188.267 173.867 188.8 175.2C190.667 180 186.8 176.133 183.733 170.267C180 162.933 177.333 152.667 177.333 145.6C177.333 142.533 176.8 140 176 140C175.333 140 174.667 142.133 174.667 144.667V149.333L169.733 146.667C164.133 143.733 162.667 143.333 162.667 145.333C162.667 146 163.467 146.667 164.4 146.667C168.133 146.667 176 153.467 176 156.533C176 158.4 177.2 163.6 178.667 168.133C180 172.8 181.067 176.667 180.933 176.8C180.8 176.933 177.733 176.667 174.267 176C170 175.467 166.533 173.733 163.733 171.2C159.467 167.2 159.733 169.2 164.267 174.133C166.8 177.067 166.8 177.067 162.8 178.4C160.533 179.2 158.667 180.133 158.667 180.4C158.667 180.8 162.533 180.667 167.2 180.4C180.4 179.333 183.333 180.933 193.733 195.333C203.6 208.933 206.667 216 206.667 224.667V230.4L197.733 231.333C182.933 232.8 158.933 238.133 160.4 239.6C160.8 240 165.333 239.333 170.533 238.133C187.333 234.267 212.8 232.933 233.867 234.533C244.267 235.467 256 236.933 260 238C264 239.067 268.533 240 270 240C279.867 239.867 249.867 232.933 232.533 231.2C223.333 230.4 222.933 230.133 222.133 226.533C221.733 224.4 218.667 215.6 215.2 206.933C209.2 191.467 209.2 190.933 211.2 186.267C214.8 177.467 227.333 173.067 234.4 178.133C236 179.2 237.333 179.6 237.333 178.933C237.333 178.267 235.733 177.067 233.733 176.133L230.133 174.533L234.4 171.733C236.8 170.267 238.667 168.4 238.667 167.733C238.667 166.933 237.867 167.067 236.667 168C235.6 168.933 230.533 170.8 225.6 172.267C220.667 173.6 215.733 175.067 214.4 175.467C210.533 176.8 222.133 154.8 228.4 149.067C231.333 146.267 233.067 144 232.133 144C231.333 144 228 146.4 224.8 149.333L219.067 154.667L218.267 148.4C217.867 144.4 218.267 140.4 219.333 137.733C220.4 135.333 220.667 133.067 220 132.667C219.333 132.267 218.533 133.2 218 134.667C216.933 138.133 215.067 138.133 214 134.533C213.467 133.067 212.8 132.133 212.533 132.4C212.133 132.8 212.8 136.133 214.133 139.867C215.733 144.8 216.133 149.333 215.6 155.467C214.8 166.533 212.667 169.067 211.467 160.8C210.933 157.6 209.067 152.667 207.2 150C204.267 145.733 204.133 144.933 206 143.2C208.667 140.533 208.533 138.133 205.867 139.2C204.667 139.6 203.467 140 203.2 140C201.6 140 203.067 147.467 205.6 152.4C209.333 159.867 209.333 170.133 205.467 181.6C203.867 186.667 202 190.667 201.333 190.667C199.333 190.667 192.133 171.2 190.4 161.6C188.533 150.4 190.267 138.267 195.333 127.6C198.8 120.4 198.933 117.6 195.467 122.933ZM206.8 198.267C208.4 202.4 208.267 204 206.667 204C206 204 205.333 203.067 205.333 202C205.333 201.067 204.533 199.6 203.6 199.067C202.533 198.533 201.467 197.067 200.933 195.867C200.4 194.133 200.8 193.733 202.933 194.267C204.4 194.667 206.133 196.533 206.8 198.267ZM215.867 224.933C216 228.533 213.867 229.067 212.8 225.6C212.133 223.067 211.6 216.133 212 214C212.267 212 215.733 221.6 215.867 224.933Z"/>
        <path
            d="M150.667 122C150.667 125.067 157.067 134.933 159.6 135.467C165.2 136.933 165.867 135.333 161.2 130.933C158.8 128.667 157.067 126.4 157.467 126C158 125.6 160.133 127.2 162.533 129.6C165.2 132.4 166.667 133.2 166.667 131.867C166.667 130.667 165.333 128.533 163.733 126.933C159.733 123.333 150.667 119.867 150.667 122Z"/>
        <path
            d="M225.867 124.267C223.333 127.067 223.333 127.067 226 126C232.133 123.6 235.067 124 229.6 126.667C223.6 129.467 223.2 132 228.8 132C233.067 132 244.667 123.2 241.867 122.133C236.933 120.267 228.4 121.333 225.867 124.267Z"/>
        <path
            d="M200 125.067C200 126.933 206.933 133.467 208.4 132.933C211.067 132.133 211.067 127.6 208.533 125.733C206 123.867 200 123.333 200 125.067Z"/>
        <path
            d="M174.133 127.467C172.533 131.733 173.333 134.667 176 134.667C177.733 134.667 178.667 133.733 178.667 132.133C178.667 128.8 177.333 125.333 176 125.333C175.467 125.333 174.533 126.267 174.133 127.467Z"/>
        <path
            d="M247.6 127.6C245.6 129.6 246.8 132 249.867 132C252.8 132 255.733 129.867 254.533 128.8C253.2 127.6 248.4 126.8 247.6 127.6Z"/>
        <path
            d="M134.4 129.467C130.667 131.6 131.6 133.067 137.467 134C143.467 135.067 145.867 133.733 144.533 130.267C143.6 127.733 138 127.333 134.4 129.467Z"/>
        <path
            d="M198.133 134C197.067 136.933 199.333 139.867 201.333 137.867C202.267 136.933 202.133 135.733 200.933 134.133C199.2 131.733 199.067 131.733 198.133 134Z"/>
        <path
            d="M243.2 137.333C238 139.467 237.867 141.6 243.067 140.667C248.4 139.6 256 140.933 256 142.8C256 143.467 252.4 143.867 247.867 143.867C243.467 143.733 239.467 144.133 238.933 144.533C238.533 145.067 239.467 146.667 241.067 148.267C243.867 151.067 244.267 151.067 250.267 149.467C253.867 148.4 258.667 147.333 261.067 146.933C263.333 146.667 265.333 145.867 265.333 145.2C265.333 143.6 254.667 137.733 250 136.933C247.867 136.533 244.667 136.667 243.2 137.333Z"/>
        <path
            d="M139.2 145.6C131.467 150.933 130.267 153.467 135.6 153.2C137.6 153.2 142.4 153.467 146 154C151.733 154.8 153.067 154.533 155.733 152C160.4 147.6 157.867 146 149.333 147.867C140.4 149.733 138.8 149.6 141.867 147.333C143.2 146.267 146.933 145.067 150.133 144.533C156.8 143.6 156.667 141.333 150.133 141.333C147.333 141.333 143.333 142.933 139.2 145.6Z"/>
        <path
            d="M258.667 151.6C253.467 152.533 251.733 154.533 254 156.8C254.933 157.867 256.667 158.667 257.6 158.667C259.733 158.667 265.333 153.867 265.333 152C265.333 150.667 264.4 150.533 258.667 151.6Z"/>
        <path
            d="M160.933 154.4C158.667 155.867 157.333 157.6 157.6 159.2C158.267 163.467 160.933 163.067 163.867 158.267C168.133 151.333 167.467 150.4 160.933 154.4Z"/>
        <path
            d="M237.867 156.533C237.333 157.867 237.6 159.467 238.4 160.267C239.467 161.333 240.133 161.2 240.8 159.467C241.333 158.133 241.067 156.533 240.267 155.733C239.2 154.667 238.533 154.8 237.867 156.533Z"/>
        <path
            d="M228.133 159.467C226.533 161.467 225.333 164.267 225.333 165.867C225.333 168 225.6 168.267 226.533 166.8C227.467 165.333 227.867 165.333 228.133 167.067C229.067 170.8 231.6 167.6 232.533 161.6C233.467 155.067 232.133 154.4 228.133 159.467Z"/>
        <path
            d="M138.667 162.267C140.933 170 142.533 173.2 145.6 175.2C151.067 179.067 152.267 177.467 147.467 172.8C141.867 167.6 140.8 163.2 146.267 168.133C148.4 169.867 150.533 172.133 151.067 172.933C152.533 175.333 156 175.067 156 172.8C156 168.533 154 166.4 146.4 162.667C142 160.4 138.133 158.667 138 158.667C137.733 158.667 138 160.267 138.667 162.267Z"/>
        <path
            d="M167.333 160.267C163.867 162.267 162.8 164 163.6 166.267C164.8 169.2 167.867 168.267 170 164C173.067 158.133 172.4 157.333 167.333 160.267Z"/>
        <path
            d="M244.133 160.533C242.933 161.867 242.933 162.667 244 163.333C245.733 164.4 249.6 161.467 248.533 159.867C247.467 158.133 245.867 158.4 244.133 160.533Z"/>
        <path
            d="M251.2 165.6C248.133 166.267 244.533 168 243.333 169.333C239.733 173.2 242.133 174.267 246 170.667C247.867 168.933 249.6 167.867 250.133 168.267C250.533 168.667 248.933 170.4 246.8 172C241.733 175.467 241.467 177.6 246.133 177.067C248.4 176.8 251.067 174.667 253.733 171.067C256 167.867 257.6 165.2 257.2 164.933C256.933 164.667 254.133 164.933 251.2 165.6Z"/>
        <path
            d="M132.667 176.533C126.933 182.267 128.667 184.4 136 180.667C140.533 178.4 140.933 177.067 138 174.667C136.533 173.467 135.467 173.733 132.667 176.533Z"/>
        <path
            d="M256.267 177.6C256.667 181.067 262.4 183.6 266.133 182.133C268.267 181.333 268.133 180.933 264.667 178C259.467 173.733 255.6 173.6 256.267 177.6Z"/>
        <path
            d="M147.067 181.6C142.667 186.533 141.333 190 141.333 196.8V203.2L145.067 199.733C147.067 198 150.667 195.067 152.933 193.467C157.733 190.267 159.6 185.467 157.6 182C156.533 180.133 155.6 180.8 151.2 186.533C148.4 190.133 145.6 193.2 145.067 193.333C143.467 193.333 145.6 188.933 149.733 183.6C154 178.133 151.867 176.4 147.067 181.6Z"/>
        <path
            d="M226 183.067C223.867 186.133 223.6 191.067 225.2 195.067C226 197.2 226.667 196.8 230.4 192.133C235.733 185.467 236.133 180.267 231.333 180.267C229.333 180.267 227.067 181.6 226 183.067Z"/>
        <path
            d="M238.133 184.667C237.733 185.867 237.333 188.133 237.333 189.733C237.333 193.467 248.133 207.067 249.867 205.333C252 203.2 251.467 190 248.933 186.267C246.267 182.267 243.2 181.333 244.667 184.933C247.6 191.867 249.067 196.8 248.4 197.867C247.867 198.533 246.4 196.133 245.067 192.533C241.867 184.267 239.333 181.467 238.133 184.667Z"/>
        <path
            d="M167.6 184.933C165.867 186.533 166.667 188.933 170 192.8C171.867 194.933 173.333 197.2 173.333 197.733C173.333 198.4 174 198.4 174.667 198C176.667 196.8 176.267 187.2 174.133 185.467C172.667 184.267 172.133 184.267 171.6 185.6C171.067 186.933 170.8 186.933 170.8 185.6C170.667 183.867 168.933 183.467 167.6 184.933Z"/>
        <path
            d="M216.933 275.2C216.4 276.667 214 277.067 208.267 276.933C202.133 276.667 199.6 277.2 197.467 279.2C194.133 282.133 193.6 289.333 196.667 289.333C198.933 289.333 199.2 287.733 197.333 285.867C195.467 284 198.533 280.4 203.067 279.2C207.333 278.267 207.467 278.933 204.8 289.067C203.733 293.067 201.733 297.067 200.4 298.133C198.267 299.733 198.667 299.867 204.4 300C207.867 300 210.667 299.333 210.667 298.533C210.667 297.867 210.133 297.6 209.333 298C206.8 299.6 205.467 297.333 206.667 293.6C207.333 291.6 208.533 287.467 209.333 284.4C210.533 279.467 211.2 278.8 215.067 278.4C217.867 278.133 219.467 277.2 219.733 275.6C220.267 272.933 217.867 272.533 216.933 275.2Z"/>
        <path
            d="M297.333 275.467C297.333 277.333 296.267 277.6 291.2 276.8C283.333 275.733 276.667 278.4 275.467 283.2C274.533 286.933 275.333 289.333 277.467 289.333C278.133 289.333 278.4 287.867 277.867 286.133C277.333 283.733 277.867 282.4 280.133 280.8C284.4 277.867 288.4 278 287.467 280.933C287.067 282.267 286.133 286.267 285.2 289.733C284.4 293.333 282.4 296.933 280.933 298C278.267 299.867 278.4 300 284.4 300C287.867 300 290.667 299.467 290.667 298.667C290.667 298 289.733 297.733 288.533 298.267C286.667 298.933 286.533 298.4 287.333 294.533C290.267 281.333 291.333 279.333 295.333 278.933C299.333 278.4 301.733 276.4 300.533 274.4C299.333 272.533 297.333 273.2 297.333 275.467Z"/>
        <path
            d="M92.4 277.333C87.3333 277.733 83.2 278.8 81.8667 280.133C79.2 282.933 78.6667 290.8 81.2 291.733C82.5333 292.133 82.8 291.333 82 288.267C81.3333 285.067 81.7333 283.6 83.8667 281.467C87.3333 278 89.7333 277.867 88.8 280.933C88.4 282.267 87.4667 286.267 86.5333 289.733C85.7333 293.333 83.7333 296.933 82.2667 298C79.6 299.867 79.8667 300 86 299.867C89.7333 299.733 91.6 299.467 90.1333 299.067C88.2667 298.533 87.8667 297.6 88.5333 294.4C88.9333 292.133 89.3333 289.867 89.3333 289.2C89.3333 288.533 90.5333 288 92 288C93.4667 288 94.6667 288.533 94.6667 289.333C94.6667 290 95.3333 290.667 96 290.667C96.8 290.667 97.3333 289.067 97.2 286.933C97.2 284.933 96.8 284.133 96.4 284.933C96.1333 285.867 94.5333 286.667 93.0667 286.667C91.2 286.667 90.6667 286 91.2 284.533C91.6 283.333 92 281.6 92 280.533C92 277.867 98.2667 278.133 99.7333 280.8C100.8 282.667 101.067 282.533 101.733 280.133C102.667 276.533 102.267 276.4 92.4 277.333Z"/>
        <path
            d="M171.467 282.933C169.867 284.667 169.467 286 170.4 286.4C171.333 286.667 171.333 288.133 170.533 291.067C168.8 297.067 169.067 300 171.2 300C173.333 300 180 294.8 178 294.667C177.2 294.667 175.867 295.333 174.933 296.267C172.533 298.667 172 296.933 173.467 291.6C174.267 288.8 175.6 286.667 176.667 286.667C177.733 286.667 178.667 286 178.667 285.333C178.667 284.533 178.133 284 177.333 284C176.667 284 176 283.067 176 282C176 279.2 174.4 279.467 171.467 282.933Z"/>
        <path
            d="M109.733 284.133C105.867 285.6 103.733 289.867 104.267 295.067C105.2 304.267 117.333 298.933 117.333 289.2C117.333 284.8 114 282.533 109.733 284.133ZM113.067 290.133C113.467 294.933 111.6 298 108.8 296.933C106.4 296 106.133 293.6 108 288.667C109.733 284.133 112.533 285.067 113.067 290.133Z"/>
        <path
            d="M131.467 283.867C131.067 284.4 129.333 284.667 127.6 284.4C125.733 284 123.733 284.667 122.533 286.133C120.8 288.267 120.933 288.4 123.2 287.6C125.333 286.8 125.467 287.067 124.667 290.267C124.267 292.4 123.467 295.467 123.067 297.2C122.533 299.467 122.8 300.133 124.133 299.733C125.067 299.467 126.533 296.8 127.2 294.133C128 290.667 129.6 288.267 132.133 286.8C134.267 285.6 136 284.267 136 283.6C136 282.267 132.267 282.4 131.467 283.867Z"/>
        <path
            d="M140.8 285.733C132.133 294.4 136.267 304.667 145.333 297.2C148.533 294.533 147.733 294.533 142 296.8C138.133 298.4 140 293.467 144.133 291.333C147.067 289.733 148 288.4 147.733 286.4C147.2 282.267 144.533 282 140.8 285.733Z"/>
        <path
            d="M158.4 284.133C155.333 285.867 155.333 290.4 158.267 293.6C160.267 295.867 160.267 296.267 158.667 297.333C157.333 298.267 156.133 297.867 155.067 296.4C153.067 293.867 151.333 294.933 152.4 298C153.333 300.4 158.8 300.667 161.067 298.4C163.2 296.267 163.067 292.667 160.667 290.667C157.6 288.133 158.133 284.933 161.467 286C163.467 286.667 164.133 286.4 163.733 285.2C162.933 282.933 161.067 282.533 158.4 284.133Z"/>
        <path
            d="M220.4 284.4C217.067 285.867 216.133 288.4 219.333 287.2C221.067 286.533 221.067 287.2 219.333 292.8C216.933 300.667 216.933 300 219.067 300C220.933 300 225.067 287.733 224 284.933C223.467 283.467 222.667 283.333 220.4 284.4Z"/>
        <path
            d="M237.6 283.6C235.067 284.533 232 291.333 232 296C232 300.933 235.467 301.467 240.133 297.2C243.2 294.533 242.533 294.4 236.667 296.8C232.533 298.533 234.8 293.6 239.333 290.8C244.267 287.867 245.333 284.8 241.867 283.467C240.667 283.067 239.733 282.667 239.6 282.8C239.467 282.8 238.533 283.2 237.6 283.6Z"/>
        <path
            d="M254.533 283.6C249.067 284.8 245.333 300 250.533 300C253.067 300 260.4 294.8 258 294.667C257.2 294.667 255.867 295.333 255.067 296.133C253.467 297.733 250.667 296.8 250.667 294.667C250.667 294.133 252.8 292.4 255.333 290.8C261.733 287.067 261.2 282.133 254.533 283.6Z"/>
        <path
            d="M302.267 285.333C295.067 290.933 296.8 301.467 304.533 299.467C307.867 298.667 312 292.8 312 288.8C312 286.8 308.533 282.667 306.8 282.667C306.133 282.667 304.133 283.867 302.267 285.333ZM307.733 289.867C308.267 293.867 306.133 297.333 303.2 297.333C302 297.333 301.333 295.733 301.333 292.933C301.333 285.333 306.933 282.667 307.733 289.867Z"/>
        <path
            d="M325.6 284.8C323.733 286.133 322.8 286.267 322.4 285.2C321.867 283.467 316 284.8 316 286.667C316 287.333 316.933 287.6 318.133 287.067C319.733 286.4 320.133 286.8 319.6 288.8C319.067 290.133 318.133 294.267 317.2 298C316.4 301.6 314.667 305.733 313.6 306.933C311.733 309.2 312 309.333 317.333 309.333C322.533 309.333 322.933 309.067 320.8 307.6C317.333 305.067 318.667 301.067 323.333 299.733C327.867 298.667 332 292.8 332 287.6C332 283.467 329.2 282.267 325.6 284.8ZM328.267 290.8C327.6 294.933 324.267 298.667 322 297.867C320 297.067 320.8 292.267 323.733 288.933C326.533 285.867 328.8 286.8 328.267 290.8Z"/>
        <path
            d="M152.933 313.6C150.267 315.733 146.267 331.6 148.267 332.8C148.933 333.333 150.533 332.533 151.733 331.333C153.733 329.2 153.733 329.067 151.867 329.733C149.867 330.4 149.867 329.733 151.733 322.533C153.2 316.4 154.267 314.667 156.133 314.667C157.6 314.667 158.667 314 158.667 313.333C158.667 311.467 155.6 311.6 152.933 313.6Z"/>
        <path
            d="M177.067 314.133C176.133 315.2 173.067 318.4 170.4 321.333C167.333 324.4 165.333 327.733 165.333 329.733C165.333 332.8 165.867 333.067 170.133 332.8C172.667 332.533 175.6 331.6 176.4 330.667C177.733 329.333 177.467 329.067 175.733 329.733C172.933 330.667 172.933 330.8 174.533 325.867C175.2 323.733 176.133 320.4 176.533 318.267C177.067 315.867 178.267 314.667 180 314.667C181.467 314.667 182.667 314 182.667 313.333C182.667 311.333 178.933 311.733 177.067 314.133ZM171.867 326.667C170.4 330.8 168 332.133 168 328.8C168 325.467 169.6 322.667 171.467 322.667C172.8 322.667 172.933 323.467 171.867 326.667Z"/>
        <path
            d="M128.4 314.933C127.6 315.867 126.533 318 126.133 319.6C125.467 321.467 124.133 322.667 122.4 322.667C120.133 322.667 119.867 322.133 120.533 319.2C121.333 316 121.2 315.867 117.067 316.267C113.733 316.533 112.533 317.333 112.267 319.6C112 321.333 112.4 322.667 113.067 322.667C113.733 322.667 114.267 321.6 114.133 320.4C114.133 319.067 115.067 317.867 116.4 317.6C118.533 317.2 118.8 317.6 118 320.267C115.333 328.667 113.467 332 111.467 331.2C110.267 330.8 109.333 331.067 109.333 332C109.333 335.333 115.333 332.533 117.333 328.4C118.533 325.733 120.4 324 121.867 324C123.867 324 124.133 324.667 123.467 328.667C122.667 332.933 122.8 333.333 125.6 333.333C127.733 333.333 128.133 332.933 126.933 332.133C125.467 331.2 125.6 329.733 127.333 323.467C129.2 316.933 130 315.867 132.267 316.4C133.867 316.933 134.667 316.533 134.267 315.6C133.6 313.333 130 312.933 128.4 314.933Z"/>
        <path
            d="M224 315.6C218.267 317.733 215.067 325.067 218.933 327.467C220 328.133 220.133 327.467 219.733 325.6C219.2 323.733 219.867 321.6 221.6 319.6L224.133 316.667L223.333 322C222.8 324.933 221.6 328.667 220.533 330.267C218.667 333.2 218.8 333.333 221.867 333.333C224.267 333.333 225.067 332.8 224.533 331.333C224 330.267 224.133 328.267 224.667 327.067C225.333 325.2 226 325.867 228 330.267C230.533 335.867 235.067 338.8 237.733 336.133C238.533 335.333 238.667 334.267 238.133 333.733C237.6 333.2 236.8 333.467 236.267 334.267C234.8 336.667 232.4 334.533 230.133 329.067C228.933 326.4 227.467 323.867 226.8 323.467C225.067 322.267 226.667 317.333 228.8 317.333C231.067 317.333 231.2 320.267 229.067 322.533C227.6 323.867 227.867 324.133 230 323.733C233.467 323.2 234.267 318.667 231.2 316.4C228.667 314.533 227.333 314.4 224 315.6Z"/>
        <path
            d="M287.733 320C286.533 321.333 286 322.667 286.8 322.933C287.467 323.2 287.6 324.933 286.8 327.6C286 330.267 286 332.267 286.8 332.667C288.267 333.733 293.333 330.933 293.333 329.067C293.333 328.133 292.667 328.267 291.333 329.333C289.6 330.8 289.333 330.4 289.333 327.6C289.333 325.733 290.4 323.467 291.733 322.8C292.933 322 293.333 321.333 292.4 321.333C291.467 321.333 291.067 320.4 291.467 319.333C292.533 316.667 290.533 317.067 287.733 320Z"/>
        <path
            d="M135.6 322.4C133.067 325.2 132.533 331.333 134.667 332.667C138.933 335.333 144.8 328.8 143.467 323.2C142.4 319.333 138.667 318.933 135.6 322.4ZM140.667 324C142 326.133 140 330.667 137.867 330.667C136.8 330.667 136 329.333 136 327.6C136 323.067 138.8 320.933 140.667 324Z"/>
        <path
            d="M157.2 322.267C155.867 323.733 155.867 324.133 157.067 323.467C158.933 322.267 159.067 324 157.333 328.533C155.733 332.8 158 334.533 161.067 331.333C162.4 330 162.533 329.333 161.467 330C160 330.8 159.867 329.867 160.667 325.467C161.6 319.6 160.267 318.4 157.2 322.267Z"/>
        <path
            d="M183.2 323.333C178.8 327.733 179.2 332.667 184 332.667C185.867 332.667 188.4 332.133 189.867 331.6C191.867 330.667 192 330.133 190.533 329.2C189.067 328.4 189.067 327.333 190.267 324C191.6 320.4 191.467 320 189.2 320C187.733 320 185.067 321.467 183.2 323.333ZM187.333 325.6C186.8 327.333 185.867 329.2 185.2 329.867C183.2 332.133 182.133 329.467 183.733 326C185.733 321.733 188.533 321.467 187.333 325.6Z"/>
        <path
            d="M196.4 320.933C194.133 321.733 194.133 324.133 196.267 323.6C197.2 323.467 198.533 325.6 199.2 328.267C200.533 333.867 198.8 337.333 194.533 337.333C193.067 337.333 192 337.867 192 338.667C192 340.4 194.133 340.4 197.467 338.667C201.733 336.267 207.867 322.267 205.2 320.667C204.533 320.133 204 321.2 204 322.933C204 324.667 203.333 326.933 202.667 328C201.6 329.6 201.333 329.467 201.333 327.2C201.333 323.733 198.533 320.133 196.4 320.933Z"/>
        <path
            d="M239.733 322.267C234.533 328.267 236.533 335.2 242.533 332C246.133 330.133 246.133 329.333 242.4 329.733C240 329.867 239.467 329.467 239.733 327.333C240 325.867 240.8 324 241.6 323.333C242.667 322.4 242.8 322.8 242.133 324.4C241.6 326.133 241.867 326.667 242.933 326.4C243.867 326 244.8 324.533 245.067 322.933C245.6 319.333 242.533 319.067 239.733 322.267Z"/>
        <path
            d="M252 322C250.667 323.6 250.667 324.533 252.4 327.2C254.8 330.667 253.867 332.8 251.067 330.4C249.067 328.8 247.333 329.733 248.667 331.867C250 334.133 254.667 333.6 255.6 331.2C256 330 255.733 327.867 254.933 326.533C252.8 323.2 252.933 322.533 255.2 322.933C256.267 323.2 257.2 322.667 257.333 322C257.6 319.733 253.867 319.733 252 322Z"/>
        <path
            d="M263.6 322C259.2 326.4 259.733 333.333 264.667 333.333C267.6 333.333 270.933 328.4 270.4 324.4C269.867 320.133 266.667 318.933 263.6 322ZM268 325.867C268 329.467 265.733 331.6 263.867 329.733C262.267 328.133 264 322.667 266.133 322.667C267.2 322.667 268 324 268 325.867Z"/>
        <path
            d="M276.4 320.933C275.467 321.333 274.667 322.133 274.667 322.8C274.667 323.6 275.2 323.867 275.867 323.333C276.667 322.933 276.667 324.267 275.867 326.933C274.4 332.4 274.4 333.333 275.867 333.333C276.533 333.333 277.467 331.467 278 329.333C278.533 327.067 280 324.533 281.467 323.6C282.8 322.8 284 321.6 284 321.2C284 320.267 278.8 320.133 276.4 320.933Z"/>
        {/* ... rest of the paths ... */}
    </g>
</svg>
